[
  [
    "Clear plastic bottle",
    [
      402.34423828125,
      1833.075927734375,
      880.0072021484375,
      2151.718505859375,
      0.8004488348960876,
    ],
  ],
  [
    "Other Carton",
    [
      1028.7479248046875,
      1091.213623046875,
      1578.9385986328125,
      1877.279541015625,
      0.6411442756652832,
    ],
  ],
  [
    "Paper",
    [
      1029.7685546875,
      1070.0174560546875,
      1574.3126220703125,
      1886.70751953125,
      0.2975366413593292,
    ],
  ],
]